0 10 60 80 80 40 10 20
10 0 25 85 35 75 25 75
60 25 0 43 13 93 33 83
80 85 43 0 71 11 41 91
80 35 13 71 0 78 58 98
40 75 93 11 78 0 66 86
10 25 33 41 58 66 0 79
20 75 83 91 98 86 79 0