0 55 55 45 45 45 25 25 15
55 0 21 31 71 21 71 81 71
55 21 0 19 99 39 89 79 99
45 31 19 0 78 58 98 58 58
45 71 99 78 0 67 87 47 77
45 21 39 58 67 0 74 34 64
25 71 89 98 87 74 0 22 12
25 81 79 58 47 34 22 0 15
15 71 99 58 77 64 12 15 0