0 67 87 87 47 17 27 97
67 0 41 11 91 31 81 71
87 41 0 77 17 47 97 67
87 11 77 0 72 52 92 52
47 91 17 72 0 65 85 45
17 31 47 52 65 0 71 31
27 81 97 92 85 71 0 22
97 71 67 52 45 31 22 0